v -2.047117 -0.488002 1.818707 
v -0.313295 0.614615 1.464849
v -2.047117 0.518737 1.818707 
v -0.313295 -0.583880 1.464849 
v 3.129609 0.015367 1.314988 
v -0.313295 0.614615 1.464849 
v -2.047117 -0.488002 1.818707
v -0.313295 -0.583880 1.464849
v -0.313295 0.614615 1.464849 
v -1.680084 -0.581447 1.357440
v -0.838252 -0.897840 1.337587
v -0.313295 -0.583880 1.464849 
v -0.313295 -0.583880 1.464849
v -0.323605 -0.583880 1.187744
v -1.680084 -0.581447 1.357440 
v -1.680084 0.612181 1.357440 
v -0.838252 0.928575 1.337587 
v -0.313295 0.614615 1.464849 
v -0.313295 0.614615 1.464849
v -0.323605 0.614615 1.187744 
v -1.680084 0.612181 1.357440 
v -0.302236 -0.284256 1.762089 
v -0.302236 0.314991 1.762089 
v 3.129609 0.015367 1.314988 
v -0.313295 0.614615 1.464849 
v 3.129609 0.015367 1.314988 
v -0.302236 0.314991 1.762089 
v -0.302236 -0.284256 1.762089 
v 3.129609 0.015367 1.314988 
v -0.313295 -0.583880 1.464849 
v -0.313295 -0.583880 1.464849 
v -0.313295 0.614615 1.464849 
v -0.323605 0.614615 1.187744 
v -0.323605 0.614615 1.187744 
v -0.323605 -0.583880 1.187744 
v -0.313295 -0.583880 1.464849 
v -1.680084 -0.581447 1.357440 
v -0.323605 -0.583880 1.187744 
v -0.323605 0.614615 1.187744 
v -0.323605 0.614615 1.187744 
v -1.680084 0.612181 1.357440 
v -1.680084 -0.581447 1.357440 
v -0.313295 0.614615 1.464849 
v -0.838252 0.928575 1.337587 
v -2.047117 0.518737 1.818707 
v -2.047117 0.518737 1.818707 
v -1.236543 0.566676 1.502717 
v -0.313295 0.614615 1.464849 
v -2.047117 -0.488002 1.818707 
v -1.236543 -0.535941 1.502717 
v -0.313295 -0.583880 1.464849 
v -0.313295 -0.583880 1.464849 
v -0.838252 -0.897840 1.337587 
v -2.047117 -0.488002 1.818707 
v -0.838252 -0.897840 1.337587 
v -1.680084 -0.581447 1.357440 
v -2.047117 -0.488002 1.818707 
v -0.838252 0.928575 1.337587 
v -1.680084 0.612181 1.357440 
v -2.047117 0.518737 1.818707 
v -2.047117 -0.488002 1.818707 
v -2.047117 0.518737 1.818707 
v -0.302236 0.314991 1.762089 
v -0.302236 0.314991 1.762089 
v -0.302236 -0.284256 1.762089 
v -2.047117 -0.488002 1.818707 
v -0.302236 0.314991 1.762089 
v -2.047117 0.518737 1.818707 
v -1.236543 0.566676 1.502717 
v -1.236543 0.566676 1.502717 
v -0.313295 0.614615 1.464849 
v -0.302236 0.314991 1.762089 
v -2.047117 -0.488002 1.818707 
v -0.302236 -0.284256 1.762089 
v -0.313295 -0.583880 1.464849 
v -0.313295 -0.583880 1.464849 
v -1.236543 -0.535941 1.502717 
v -2.047117 -0.488002 1.818707 
v -2.047117 -0.488002 1.818707 
v -1.680084 -0.581447 1.357440 
v -1.680084 0.612181 1.357440 
v -1.680084 0.612181 1.357440 
v -2.047117 0.518737 1.818707 
v -2.047117 -0.488002 1.818707 
v -0.963028 1.950684 1.464849 
v -0.313295 0.614615 1.464849 
v -1.236543 0.566676 1.502717 
v -2.047117 0.518737 1.818707 
v -1.754688 2.004936 1.517418 
v -1.236543 0.566676 1.502717 
v -1.754688 2.004936 1.517418 
v -1.358858 1.977810 1.491134 
v -0.963028 1.950684 1.464849 
v -1.754688 2.004936 1.517418 
v -0.963028 1.950684 1.464849 
v -1.236543 0.566676 1.502717 
v -0.313295 -0.583880 1.464849 
v -0.963028 -1.919949 1.464849 
v -1.358858 -1.947350 1.491134 
v -1.754688 -1.974752 1.517418 
v -2.047117 -0.488002 1.818707 
v -1.358858 -1.947350 1.491134 
v -1.236543 -0.535941 1.502717 
v -0.313295 -0.583880 1.464849 
v -1.358858 -1.947350 1.491134 
v -2.047117 -0.488002 1.818707 
v -1.236543 -0.535941 1.502717 
v -1.358858 -1.947350 1.491134 
v -0.963028 1.950684 1.464849 
v -1.754688 2.004936 1.331779 
v -0.963028 1.950684 1.279210 
v -1.358858 1.977810 1.491134 
v -1.754688 2.004936 1.517418 
v -1.754688 2.004936 1.331779 
v -0.963028 1.950684 1.464849 
v -1.358858 1.977810 1.491134 
v -1.754688 2.004936 1.331779 
v -1.754688 -1.974752 1.517418 
v -0.963028 -1.919949 1.279210 
v -1.754688 -1.974752 1.331779 
v -1.358858 -1.947350 1.491134 
v -0.963028 -1.919949 1.464849 
v -0.963028 -1.919949 1.279210 
v -1.754688 -1.974752 1.517418 
v -1.358858 -1.947350 1.491134 
v -0.963028 -1.919949 1.279210 
v -0.963028 1.950684 1.464849 
v -0.963028 1.950684 1.279210 
v -0.313295 0.614615 1.464849 
v -1.754688 2.004936 1.517418 
v -2.047117 0.518737 1.818707 
v -1.754688 2.004936 1.331779 
v -0.963028 -1.919949 1.464849 
v -0.313295 -0.583880 1.464849 
v -0.963028 -1.919949 1.279210 
v -1.754688 -1.974752 1.517418 
v -1.754688 -1.974752 1.331779 
v -2.047117 -0.488002 1.818707 
v -0.838252 0.928575 1.337587 
v -0.313295 0.614615 1.464849 
v -0.963028 1.950684 1.279210 
v -1.680084 0.612181 1.357440 
v -0.963028 1.950684 1.279210 
v -1.754688 2.004936 1.331779 
v -1.754688 2.004936 1.331779 
v -2.047117 0.518737 1.818707 
v -1.680084 0.612181 1.357440 
v -0.963028 1.950684 1.279210 
v -1.680084 0.612181 1.357440 
v -0.838252 0.928575 1.337587 
v -0.323605 0.614615 1.187744 
v -0.313295 0.614615 1.464849 
v -0.838252 0.928575 1.337587 
v -0.323605 0.614615 1.187744 
v -0.838252 0.928575 1.337587 
v -1.680084 0.612181 1.357440 
v -0.313295 -0.583880 1.464849 
v -0.323605 -0.583880 1.187744 
v -0.838252 -0.897840 1.337587 
v -0.313295 -0.583880 1.464849 
v -0.838252 -0.897840 1.337587 
v -0.963028 -1.919949 1.279210 
v -1.680084 -0.581447 1.357440 
v -0.838252 -0.897840 1.337587 
v -0.963028 -1.919949 1.279210 
v -2.047117 -0.488002 1.818707 
v -1.754688 -1.974752 1.331779 
v -0.963028 -1.919949 1.279210 
v -0.963028 -1.919949 1.279210 
v -1.680084 -0.581447 1.357440 
v -2.047117 -0.488002 1.818707 
v -0.544751 3.074975 1.099176 
v -1.754688 2.004936 1.517418 
v -0.963028 1.950684 1.464849 
v -0.963028 1.950684 1.464849 
v -0.963028 1.950684 1.279210 
v -0.544751 3.074975 1.099176 
v -1.754688 2.004936 1.331779 
v -0.963028 1.950684 1.279210 
v -0.544751 3.074975 1.099176 
v -0.544751 3.074975 1.099176 
v -1.754688 2.004936 1.517418 
v -1.754688 2.004936 1.331779 
v -0.544751 -3.044240 1.099176 
v -1.754688 -1.974752 1.517418 
v -0.963028 -1.919949 1.464849 
v -1.754688 -1.974752 1.331779 
v -1.754688 -1.974752 1.517418 
v -0.544751 -3.044240 1.099176 
v -0.963028 -1.919949 1.279210 
v -1.754688 -1.974752 1.331779 
v -0.544751 -3.044240 1.099176 
v -0.544751 -3.044240 1.099176 
v -0.963028 -1.919949 1.464849 
v -0.963028 -1.919949 1.279210 

i(0 1 2 3 4 5 6 7 8 9 10 11 12 13 14 15 16 17 18 19 20 21 22 23 24 25 26 27 28 29 30 31 32 33 34 35 36 37 38 39 40 41 42 43 44 45 46 47 48 49 50 51 52 53 54 55 56 57 58 59 60 61 62 63 64 65 66 67 68 69 70 71 72 73 74 75 76 77 78 79 80 81 82 83 84 85 86 87 88 89 90 91 92 93 94 95 96 97 98 99 100 101 102 103 104 105 106 107 108 109 110 111 112 113 114 115 116 117 118 119 120 121 122 123 124 125 126 127 128 129 130 131 132 133 134 135 136 137 138 139 140 141 142 143 144 145 146 147 148 149 150 151 152 153 154 155 156 157 158 159 160 161 162 163 164 165 166 167 168 169 170 171 172 173 174 175 176 177 178 179 180 181 182 183 184 185 186 187 188 189 190 191 192 193 194)

vt 1.0 1.0
vt 1.0 0.0
vt 0.0 0.0
vt 0.0 1.0
